EstY
0.000000  
5.292629  
1.218068  
1.622170  
-2.434078  
2.434078  
0.000000  
5.660388  
1.209474  
1.208257  
1.207041  
0.000000  
0.000000  
-1.207041  
1.207041  
0.000000  
3.212853  
0.801871  
1.602136  
0.000000  
0.000000  
1.200200  
1.199001  
2.793019  
2.388853  
1.589931  
1.191067  
-1.191067  
0.397154  
2.380166  
5.535430  
-1.578948  
0.000000  
0.000000  
2.367643  
1.575837  
1.180521  
-1.180521  
1.180521  
3.926705  
3.132139  
2.343751  
-1.171303  
1.171303  
1.170161  
3.892316  
2.329344  
-1.164107  
1.164107  
0.387785  
1.162603  
1.161478  
0.386910  
1.159981  
1.158861  
1.543409  
3.465428  
1.536984  
1.151447  
0.000000  
1.150344  
2.679854  
3.818011  
4.945323  
-1.139421  
-1.140504  
2.659491  
1.137980  
3.785492  
3.773588  
1.129766  
7.504715  
3.734830  
3.723242  
2.599413  
1.112313  
2.591394  
7.373295  
3.669728  
3.658539  
1.095390  
1.458967  
-0.729262  
3.641884  
0.000000  
3.630865  
0.000000  
7.228938  
3.598204  
3.587447  
3.576754  
3.566124  
7.100612  
3.534612  
3.524232  
3.513912  
3.503652  
3.493452  
3.483312  
6.936435  
6.896571  
3.433479  
3.423683  
6.818200  
3.394627  
6.760581  
3.366061  
3.356646  
10.013966  
6.629851  
3.301240  
6.575359  
6.539526  
3.256447  
6.486502  
6.451628  
6.417128  
6.382994  
6.349221  
6.315804  
6.282737  
6.250014  
3.112842  
6.201564  
3.088805  
3.080875  
6.138121  
6.106883  
6.075962  
6.045353  
3.011294  
0.000000  
3.003756  
2.996256  
5.970162  
5.940606  
2.959311  
2.952031  
2.944787  
2.937578  
2.930404  
2.923266  
2.916162  
5.811149  
0.000000  
2.895056  
2.888088  
2.881154  
2.874253  
2.867385  
5.714297  
2.846976  
5.673769  
2.826856  
5.633813  
8.401435  
11.111190  
8.266393  
5.479462  
8.172563  
0.000000  
21.525241  
5.321516  
10.572756  
7.868881  
10.412213  
12.889490  
12.752511  
12.618413  
7.507845  
12.409625  
9.836121  
7.324540  
14.516306  
16.716688  
9.448868  
11.707410  
9.284379  
9.213097  
6.863698  
4.554085  
4.536867  
2.262018  
9.005671  
11.162871  
4.436234  
8.823569  
6.575359  
8.711472  
6.492351  
4.308802  
2.148613  
2.144773  
2.140946  
6.400015  
6.366063  
6.332469  
6.299227  
6.266333  
6.233780  
4.137935  
6.180271  
6.148604  
12.203495  
6.055522  
8.026786  
3.993348  
5.965215  
5.935709  
5.906493  
3.921572  
5.858433  
7.767017  
5.792449  
7.680026  
5.727935  
7.594962  
9.426600  
11.215035  
9.266455  
9.195447  
7.305959  
10.876207  
10.778516  
7.132265  
7.090124  
10.557253  
12.200541  
12.077744  
11.957394  
13.521270  
13.370612  
13.223274  
11.452030  
11.343771  
12.834347  
12.698531  
14.127043  
17.043540  
15.286831  
16.593602  
11.925564  
11.808213  
11.693150  
1.453665  
8.685201  
10.053919  
11.387986  
12.683618  
11.162871  
11.059986  
10.958980  
8.154052  
6.752972  
8.053722  
10.654898  
13.186946  
9.145390  
11.656864  
3.860593  
5.128213  
3.831829  
3.819632  
3.807512  
0.000000  
3.795470  
11.314908  
13.685996  
6.169679  
2.459017  
0.000000  
4.902969  
-1.223865  
-3.679104  
2.453989  
1.225115  
1.223865  
8.532286  
4.848491  
2.416919  
4.819284  
3.601804  
3.591025  
4.771378  
3.566124  
3.555558  
8.255561  
5.862249  
3.503652  
4.655680  
2.321084  
2.316603  
4.619832  
3.453240  
3.443331  
4.575792  
2.281370  
2.277041  
2.272728  
6.792471  
5.631169  
2.245090  
2.240897  
3.353519  
2.230484  
2.226346  
2.222223  
4.432138  
5.517251  
5.492000  
4.375575  
-2.185793  
-6.581369  
-4.407718  
3.307306  
4.395609  
1.096391  
1.095390  
4.371590  
2.179837  
2.175885  
4.339969  
6.480664  
4.301080  
4.285719  
5.335714  
3.190077  
5.298022  
3.167622  
5.260859  
4.192144  
3.134525  
4.166671  
2.077923  
4.145082  
2.067184  
3.094114  
7.188725  
3.067748  
5.095549  
5.074003  
5.052639  
5.031454  
4.010029  
3.996673  
3.983406  
4.960735  
3.953875  
5.906493  
8.805584  
5.834695  
3.874095  
3.861628  
0.000000  
2.888088  
5.755407  
4.775175  
3.806506  
11.347602  
4.696679  
5.611857  
2.796118  
1.860465  
7.413151  
5.529964  
10.072551  
8.178752  
8.123386  
2.695621  
4.479289  
4.462631  
0.890538  
0.000000  
2.667656  
4.432957  
3.534612  
1.763410  
3.519064  
3.508774  
1.750547  
5.236372  
3.478263  
0.867993  
2.600218  
4.321215  
2.585279  
2.579722  
3.431024  
3.421243  
2.559546  
2.554098  
5.091945  
3.382666  
1.687764  
4.209054  
2.518364  
1.675978  
4.179733  
3.333335  
0.831889  
1.662050  
2.488767  
1.656315  
4.955272  
3.292183  
2.463224  
0.000000  
3.276453  
3.267531  
0.815494  
2.443163  
3.249833  
4.049953  
4.841970  
2.413678  
0.803482  
3.208558  
2.400801  
3.193615  
3.185138  
2.383318  
4.752481  
2.369201  
2.364533  
1.573771  
2.356793  
1.568628  
3.131117  
1.562500  
1.560468  
6.221660  
2.324831  
3.864738  
4.621315  
2.304001  
2.299586  
2.295187  
1.527690  
3.810737  
3.798674  
3.786687  
3.020769  
2.260597  
2.256347  
0.751174  
0.750704  
0.000000  
2.249298  
1.497193  
2.988794  
2.981368  
2.231175  
1.485149  
0.741886  
1.482397  
0.000000  
0.000000  
1.480568  
2.955667  
1.475108  
2.944787  
1.469688  
0.734169  
2.932194  
1.463415  
2.191781  
2.187785  
0.000000  
0.728376  
7.983096  
0.723109  
0.000000  
5.049602  
2.875975  
5.016430  
2.143496  
2.139674  
2.846976  
3.549248  
4.951377  
7.038143  
-0.701960  
2.104648  
6.988954  
3.479272  
0.000000  
6.237380  
2.071943  
2.068372  
2.752295  
6.853245  
2.730377  
0.681625  
2.042554  
6.106883  
2.704226  
-2.027598  
0.000000  
4.725745  
-3.373632  
-0.675866  
-0.676247  
2.027598  
2.024178  
3.366061  
5.366135  
1.337793  
0.668338  
2.669634  
3.328712  
1.992804  
2.651935  
1.985112  
1.981834  
5.268944  
6.553812  
1.959184  
-4.576415  
-1.966676  
1.311476  
3.925849  
5.214566  
3.896107  
-1.297297  
0.648824  
3.238868  
5.164075  
2.573728  
2.568219  
1.922564  
5.111829  
4.455057  
1.269841  
0.634417  
3.799475  
6.305847  
5.647069  
0.000000  
-0.626141  
5.000007  
4.357981  
3.722857  
-0.619675  
0.619675  
7.411243  
7.365752  
16.409473  
1.809500  
-6.042309  
0.000000  
7.247128  
0.601956  
1.804059  
5.994018  
3.582092  
2.976930  
6.523367  
5.311049  
-5.902619  
-5.337296  
0.594206  
6.516925  
1.989487  
4.645019  
6.223977  
3.595403  
4.949372  
2.776887  
2.134815  
0.369880  
5.074320  
3.694193  
9.393797  
3.472588  
4.130130  
2.897890  
4.285970  
2.774048  
7.080062  
12.508463  
8.539278  
-1.787502  
1.025672  
-10.362740  
-21.436913  
-9.921126  
3.033089  
4.363251  
-1.185325  
1.207891  
1.764495  
9.918432  
-0.357612  
4.011432  
2.314831  
3.596922  
4.011596  
0.624049  
0.778226  
-1.142676  
0.397576  
0.276017  
-0.623889  
-0.502659  
2.241010  
1.752356  
1.936736  
4.170958  
3.036764  
4.810238  
3.885354  
3.851183  
6.192254  
5.619739  
3.811997  
0.000000  
3.139933  
3.779397  
2.603032  
0.809976  
2.215374  
0.285216  
3.264591  
2.562198  
2.509539  
1.991293  
-2.484386  
-0.992046  
0.346522  
6.951261  
5.711904  
3.231798  
-2.016907  
-0.145307  
2.374596  
6.498285  
-3.379056  
-2.508195  
0.496884  
2.853095  
2.346647  
2.861335  
0.452248  
0.642105  
2.211349  
3.168815  
3.206360  
0.891968  
2.209224  
2.575681  
2.048466  
1.625128  
1.501666  
-0.232458  
0.065699  
-0.025269  
-2.048520  
-3.914546  
-7.305385  
2.236073  
3.473465  
1.062440  
3.992251  
3.368104  
1.892303  
-0.020169  
-2.634945  
1.499902  
1.553477  
-1.235556  
0.822165  
-2.311566  
2.472906  
4.131991  
2.990706  
3.178226  
-0.079978  
2.551668  
2.232624  
3.231930  
2.053962  
3.479734  
6.132976  
0.363838  
-1.894146  
1.820404  
-0.865577  
0.595151  
1.002728  
5.030467  
5.516084  
